{
  "camera_angle_x": 0.6911111611634243,
  "camera_angle_y": 0.6911111611634243,
  "fl_x": 711.1111111111111,
  "fl_y": 711.1111111111111,
  "cx": 256.0,
  "cy": 256.0,
  "w": 512.0,
  "h": 512.0,
  "k1": 0.0,
  "k2": 0.0,
  "p1": 0.0,
  "p2": 0.0,
  "aabb_scale": 4.0,
  "offset": 0.0,
  "scale": 1.0,
  "frames": [
    {
      "file_path": "0001.png",
      "sharpness": 30.0,
      "transform_matrix": [
        [
          0.9716458320617676,
          -0.218240886926651,
          0.09096983075141907,
          0.583191990852356
        ],
        [
          0.23644156754016876,
          0.8968510031700134,
          -0.37383636832237244,
          -2.3966009616851807
        ],
        [
          -7.450582373280668e-09,
          0.3847455084323883,
          0.9230225682258606,
          5.91733980178833
        ],
        [
          0.0,
          0.0,
          0.0,
          1.0
        ]
      ]
    },
    {
      "file_path": "0002.png",
      "sharpness": 30.0,
      "transform_matrix": [
        [
          -0.6481741070747375,
          0.4166223704814911,
          -0.6374136805534363,
          -4.012804985046387
        ],
        [
          -0.7614923119544983,
          -0.35462453961372375,
          0.5425597429275513,
          3.4156570434570312
        ],
        [
          -1.4901162970204496e-08,
          0.8370586037635803,
          0.5471131801605225,
          3.4443228244781494
        ],
        [
          0.0,
          0.0,
          0.0,
          1.0
        ]
      ]
    },
    {
      "file_path": "0003.png",
      "sharpness": 30.0,
      "transform_matrix": [
        [
          0.07137785106897354,
          -0.4573518633842468,
          0.8864166736602783,
          7.8189849853515625
        ],
        [
          0.9974493384361267,
          0.032728273421525955,
          -0.06343231350183487,
          -0.5595295429229736
        ],
        [
          0.0,
          0.8886832594871521,
          0.4585214853286743,
          4.044568061828613
        ],
        [
          0.0,
          0.0,
          0.0,
          1.0
        ]
      ]
    }
  ]
}