{
  "camera_angle_x": 0.5033799435163735,
  "camera_angle_y": 0.5033799435163735,
  "fl_x": 995.5555555555557,
  "fl_y": 995.5555555555557,
  "cx": 256.0,
  "cy": 256.0,
  "w": 512.0,
  "h": 512.0,
  "k1": 0.0,
  "k2": 0.0,
  "p1": 0.0,
  "p2": 0.0,
  "aabb_scale": 4.0,
  "offset": 0.0,
  "scale": 1.0,
  "frames": [
    {
      "file_path": "image0001.png",
      "sharpness": 30.0,
      "transform_matrix": [
        [
          0.9320324659347534,
          -0.2898998558521271,
          0.2174249291419983,
          1.2299411296844482
        ],
        [
          0.36237484216690063,
          0.7456258535385132,
          -0.559219479560852,
          -3.1634230613708496
        ],
        [
          0.0,
          0.6000000834465027,
          0.800000011920929,
          4.52548360824585
        ],
        [
          0.0,
          0.0,
          0.0,
          1.0
        ]
      ]
    },
    {
      "file_path": "image0002.png",
      "sharpness": 30.0,
      "transform_matrix": [
        [
          -0.4424709677696228,
          0.35871315002441406,
          -0.8219150304794312,
          -6.995597839355469
        ],
        [
          -0.8967828154563904,
          -0.1769883930683136,
          0.4055313467979431,
          3.4516148567199707
        ],
        [
          0.0,
          0.9165151119232178,
          0.4000000059604645,
          3.4045357704162598
        ],
        [
          0.0,
          0.0,
          0.0,
          1.0
        ]
      ]
    },
    {
      "file_path": "image0003.png",
      "sharpness": 30.0,
      "transform_matrix": [
        [
          -0.2795037627220154,
          -0.5395725965499878,
          0.7941908240318298,
          5.431397914886475
        ],
        [
          0.9601446986198425,
          -0.1570727527141571,
          0.2311936318874359,
          1.581112027168274
        ],
        [
          -7.450581485102248e-09,
          0.8271574974060059,
          0.5619701147079468,
          3.843261957168579
        ],
        [
          0.0,
          0.0,
          0.0,
          1.0
        ]
      ]
    },
    {
      "file_path": "image0004.png",
      "sharpness": 30.0,
      "transform_matrix": [
        [
          0.8546657562255859,
          0.2845378816127777,
          -0.4342633783817291,
          -2.691729784011841
        ],
        [
          -0.5191786885261536,
          0.4684029221534729,
          -0.7148792147636414,
          -4.431093692779541
        ],
        [
          1.4901161193847656e-08,
          0.8364430665969849,
          0.5480538606643677,
          3.3970463275909424
        ],
        [
          0.0,
          0.0,
          0.0,
          1.0
        ]
      ]
    },
    {
      "file_path": "image0005.png",
      "sharpness": 30.0,
      "transform_matrix": [
        [
          -0.9809041023254395,
          0.15717053413391113,
          -0.11456271260976791,
          -0.17270773649215698
        ],
        [
          -0.1944921463727951,
          -0.7926757335662842,
          0.577786922454834,
          0.8710362911224365
        ],
        [
          0.0,
          0.589035153388977,
          0.808107316493988,
          1.2182531356811523
        ],
        [
          0.0,
          0.0,
          0.0,
          1.0
        ]
      ]
    }
  ]
}