{
  "camera_angle_x": 0.6911111611634243,
  "camera_angle_y": 0.39959649248062956,
  "fl_x": 2666.6666666666665,
  "fl_y": 2666.6666666666665,
  "cx": 960.0,
  "cy": 540.0,
  "w": 1920.0,
  "h": 1080.0,
  "k1": 0.0,
  "k2": 0.0,
  "p1": 0.0,
  "p2": 0.0,
  "aabb_scale": 3.0,
  "frames": [
    {
      "file_path": "image0001.png",
      "sharpness": 30.0,
      "transform_matrix": [
        [
          0.9332902431488037,
          -0.3407849371433258,
          0.11329152435064316,
          0.8243993520736694
        ],
        [
          0.35912299156188965,
          0.8856331706047058,
          -0.294422447681427,
          -2.1424522399902344
        ],
        [
          0.0,
          0.31546714901924133,
          0.9489363431930542,
          6.905216693878174
        ],
        [
          0.0,
          0.0,
          0.0,
          1.0
        ]
      ]
    },
    {
      "file_path": "image0002.png",
      "sharpness": 30.0,
      "transform_matrix": [
        [
          -0.43782520294189453,
          0.7641803622245789,
          -0.47364282608032227,
          -3.4418821334838867
        ],
        [
          -0.8990603685379028,
          -0.3721412122249603,
          0.2306549847126007,
          1.6761306524276733
        ],
        [
          0.0,
          0.5268200039863586,
          0.8499767184257507,
          6.176636695861816
        ],
        [
          0.0,
          0.0,
          0.0,
          1.0
        ]
      ]
    },
    {
      "file_path": "image0003.png",
      "sharpness": 30.0,
      "transform_matrix": [
        [
          -0.27527040243148804,
          -0.72048419713974,
          0.6364971995353699,
          4.627036094665527
        ],
        [
          0.9613668918609619,
          -0.20629790425300598,
          0.18224970996379852,
          1.3248698711395264
        ],
        [
          0.0,
          0.6620752811431885,
          0.7494372129440308,
          5.448056697845459
        ],
        [
          0.0,
          0.0,
          0.0,
          1.0
        ]
      ]
    },
    {
      "file_path": "image0004.png",
      "sharpness": 30.0,
      "transform_matrix": [
        [
          0.8557356595993042,
          0.3349866271018982,
          -0.39433565735816956,
          -2.874551296234131
        ],
        [
          -0.5174133777618408,
          0.5540250539779663,
          -0.6521807312965393,
          -4.7541399002075195
        ],
        [
          1.4901161193847656e-08,
          0.7621287107467651,
          0.6474255323410034,
          4.719476699829102
        ],
        [
          0.0,
          0.0,
          0.0,
          1.0
        ]
      ]
    },
    {
      "file_path": "image0005.png",
      "sharpness": 30.0,
      "transform_matrix": [
        [
          -0.9807660579681396,
          0.10731494426727295,
          -0.1630384474992752,
          -1.1834545135498047
        ],
        [
          -0.19518718123435974,
          -0.5392303466796875,
          0.819226861000061,
          5.946558952331543
        ],
        [
          7.450580596923828e-09,
          0.8352928757667542,
          0.5498052835464478,
          3.990896701812744
        ],
        [
          0.0,
          0.0,
          0.0,
          1.0
        ]
      ]
    },
    {
      "file_path": "image0006.png",
      "sharpness": 30.0,
      "transform_matrix": [
        [
          0.594109296798706,
          -0.3599570691585541,
          0.7193504571914673,
          5.244204044342041
        ],
        [
          0.8043843507766724,
          0.26586025953292847,
          -0.5313041806221008,
          -3.8733103275299072
        ],
        [
          -1.4901161193847656e-08,
          0.8942869901657104,
          0.44749388098716736,
          3.262316942214966
        ],
        [
          0.0,
          0.0,
          0.0,
          1.0
        ]
      ]
    },
    {
      "file_path": "image0007.png",
      "sharpness": 30.0,
      "transform_matrix": [
        [
          0.1111881285905838,
          0.34576958417892456,
          -0.9317084550857544,
          -6.785057067871094
        ],
        [
          -0.9937993884086609,
          0.03868534788489342,
          -0.104241281747818,
          -0.7591248750686646
        ],
        [
          0.0,
          0.9375216364860535,
          0.34792694449424744,
          2.5337369441986084
        ],
        [
          0.0,
          0.0,
          0.0,
          1.0
        ]
      ]
    },
    {
      "file_path": "image0008.png",
      "sharpness": 30.0,
      "transform_matrix": [
        [
          -0.7498001456260681,
          -0.16439028084278107,
          0.6409177780151367,
          4.656706809997559
        ],
        [
          0.6616643667221069,
          -0.18628759682178497,
          0.7262900471687317,
          5.2769951820373535
        ],
        [
          7.4505797087454084e-09,
          0.9686448574066162,
          0.2484496384859085,
          1.805156946182251
        ],
        [
          0.0,
          0.0,
          0.0,
          1.0
        ]
      ]
    },
    {
      "file_path": "image0009.png",
      "sharpness": 30.0,
      "transform_matrix": [
        [
          0.9997878074645996,
          -0.0030358685180544853,
          0.020375246182084084,
          0.14884553849697113
        ],
        [
          0.020600173622369766,
          0.14733974635601044,
          -0.9888714551925659,
          -7.2239179611206055
        ],
        [
          0.0,
          0.9890813231468201,
          0.14737102389335632,
          1.0765769481658936
        ],
        [
          0.0,
          0.0,
          0.0,
          1.0
        ]
      ]
    },
    {
      "file_path": "image0010.png",
      "sharpness": 30.0,
      "transform_matrix": [
        [
          -0.7218011021614075,
          0.03313341736793518,
          -0.6913069486618042,
          -5.025153160095215
        ],
        [
          -0.692100465297699,
          -0.03455529361963272,
          0.720973551273346,
          5.240801811218262
        ],
        [
          3.725290076417309e-09,
          0.9988534450531006,
          0.047873709350824356,
          0.3479969799518585
        ],
        [
          0.0,
          0.0,
          0.0,
          1.0
        ]
      ]
    },
    {
      "file_path": "image0011.png",
      "sharpness": 30.0,
      "transform_matrix": [
        [
          0.06984376162290573,
          0.052091971039772034,
          0.9961968064308167,
          7.260422229766846
        ],
        [
          0.9975579380989075,
          -0.0036472061183303595,
          -0.06974846124649048,
          -0.50833660364151
        ],
        [
          0.0,
          0.9986356496810913,
          -0.052219487726688385,
          -0.3805829584598541
        ],
        [
          0.0,
          0.0,
          0.0,
          1.0
        ]
      ]
    },
    {
      "file_path": "image0012.png",
      "sharpness": 30.0,
      "transform_matrix": [
        [
          0.6265715956687927,
          -0.11838550865650177,
          -0.7703198194503784,
          -5.624814510345459
        ],
        [
          -0.7793638706207275,
          -0.0951763466000557,
          -0.6193007230758667,
          -4.522084712982178
        ],
        [
          0.0,
          0.9883958697319031,
          -0.15190015733242035,
          -1.1091629266738892
        ],
        [
          0.0,
          0.0,
          0.0,
          1.0
        ]
      ]
    },
    {
      "file_path": "image0013.png",
      "sharpness": 30.0,
      "transform_matrix": [
        [
          -0.9880280494689941,
          0.03900480270385742,
          0.1492624282836914,
          1.0849546194076538
        ],
        [
          0.154274582862854,
          0.24980029463768005,
          0.9559284448623657,
          6.948426723480225
        ],
        [
          3.725290298461914e-09,
          0.9675114750862122,
          -0.25282713770866394,
          -1.8377429246902466
        ],
        [
          0.0,
          0.0,
          0.0,
          1.0
        ]
      ]
    },
    {
      "file_path": "image0014.png",
      "sharpness": 30.0,
      "transform_matrix": [
        [
          0.8334740400314331,
          0.19402025640010834,
          0.5173753499984741,
          3.781363010406494
        ],
        [
          0.5525587201118469,
          -0.2926582098007202,
          -0.7804037928581238,
          -5.703770160675049
        ],
        [
          0.0,
          0.9363265037536621,
          -0.35113057494163513,
          -2.5663228034973145
        ],
        [
          0.0,
          0.0,
          0.0,
          1.0
        ]
      ]
    },
    {
      "file_path": "image0015.png",
      "sharpness": 30.0,
      "transform_matrix": [
        [
          -0.23639023303985596,
          -0.4392589330673218,
          -0.8667011260986328,
          -6.316915512084961
        ],
        [
          -0.9716582298278809,
          0.10686527192592621,
          0.21085570752620697,
          1.5368131399154663
        ],
        [
          -7.450580596923828e-09,
          0.8919817805290222,
          -0.45207127928733826,
          -3.294902801513672
        ],
        [
          0.0,
          0.0,
          0.0,
          1.0
        ]
      ]
    },
    {
      "file_path": "image0016.png",
      "sharpness": 30.0,
      "transform_matrix": [
        [
          -0.47634240984916687,
          0.48554757237434387,
          0.7330358028411865,
          5.340879440307617
        ],
        [
          0.8792598843574524,
          0.2630472481250763,
          0.3971249461174011,
          2.893441677093506
        ],
        [
          0.0,
          0.8336963057518005,
          -0.5522230863571167,
          -4.023482799530029
        ],
        [
          0.0,
          0.0,
          0.0,
          1.0
        ]
      ]
    },
    {
      "file_path": "image0017.png",
      "sharpness": 30.0,
      "transform_matrix": [
        [
          0.9466243982315063,
          -0.20947988331317902,
          -0.24499090015888214,
          -1.7914410829544067
        ],
        [
          -0.32233890891075134,
          -0.6151871681213379,
          -0.719473659992218,
          -5.260990142822266
        ],
        [
          1.4901161193847656e-08,
          0.7600414156913757,
          -0.6498746275901794,
          -4.752062797546387
        ],
        [
          0.0,
          0.0,
          0.0,
          1.0
        ]
      ]
    },
    {
      "file_path": "image0018.png",
      "sharpness": 30.0,
      "transform_matrix": [
        [
          -0.915523886680603,
          -0.30264365673065186,
          -0.2649959623813629,
          -1.9304124116897583
        ],
        [
          -0.40226370096206665,
          0.6887956857681274,
          0.6031122207641602,
          4.3934831619262695
        ],
        [
          -1.4901162970204496e-08,
          0.6587619185447693,
          -0.7523512840270996,
          -5.480642795562744
        ],
        [
          0.0,
          0.0,
          0.0,
          1.0
        ]
      ]
    },
    {
      "file_path": "image0019.png",
      "sharpness": 30.0,
      "transform_matrix": [
        [
          0.4098339080810547,
          0.775397539138794,
          0.4804111123085022,
          3.5091097354888916
        ],
        [
          0.9121599793434143,
          -0.3483864963054657,
          -0.21584893763065338,
          -1.5766446590423584
        ],
        [
          0.0,
          0.5266740322113037,
          -0.8500673770904541,
          -6.209222793579102
        ],
        [
          0.0,
          0.0,
          0.0,
          1.0
        ]
      ]
    },
    {
      "file_path": "image0020.png",
      "sharpness": 30.0,
      "transform_matrix": [
        [
          0.32761678099632263,
          -0.897501528263092,
          -0.29522547125816345,
          -2.156181573867798
        ],
        [
          -0.9448107481002808,
          -0.31121212244033813,
          -0.10237058252096176,
          -0.7476643323898315
        ],
        [
          7.450580596923828e-09,
          0.31247052550315857,
          -0.9499275088310242,
          -6.937802791595459
        ],
        [
          0.0,
          0.0,
          0.0,
          1.0
        ]
      ]
    }
  ]
}